Evaluating 658 car configs...
[2, 2, 1, 2, 5, 5] 965.8403733015938
[2, 2, 1, 4, 4, 5] 980.7056066210674
[2, 2, 1, 4, 5, 4] 981.0237913006301
[2, 2, 1, 5, 2, 5] 976.5707537426142
[2, 2, 1, 5, 4, 4] 980.8255771921349
[2, 2, 1, 5, 5, 2] 980.2794941068327
[2, 2, 2, 2, 4, 5] 868.8586183285149
[2, 2, 2, 2, 5, 4] 869.243376842252
[2, 2, 2, 3, 3, 5] 878.2420911216736
[2, 2, 2, 3, 5, 3] 879.4416831695904
10/658 done.
Best: [2, 2, 2, 2, 4, 5] with time 868.8586183285149
[2, 2, 2, 4, 2, 5] 880.6932573630672
[2, 2, 2, 4, 4, 4] 884.7527126190754
[2, 2, 2, 4, 5, 2] 884.2620682521713
[2, 2, 2, 5, 1, 5] 876.1722947555209
[2, 2, 2, 5, 2, 4] 880.6214155087417
[2, 2, 2, 5, 3, 3] 883.0481790018071
[2, 2, 2, 5, 4, 2] 883.6092148110138
[2, 2, 2, 5, 5, 1] 884.240200818002
[2, 2, 3, 2, 3, 5] 800.5653291028506
[2, 2, 3, 2, 5, 3] 801.6029441380858
20/658 done.
Best: [2, 2, 3, 2, 3, 5] with time 800.5653291028506
[2, 2, 3, 3, 2, 5] 808.0120418309034
[2, 2, 3, 3, 4, 4] 811.3735996733888
[2, 2, 3, 3, 5, 2] 810.9788774563259
[2, 2, 3, 4, 3, 4] 816.6578272383948
[2, 2, 3, 4, 4, 3] 817.411570434209
[2, 2, 3, 5, 2, 3] 813.1929670831216
[2, 2, 3, 5, 3, 2] 815.3688191189723
[2, 2, 4, 2, 2, 5] 748.3703967289996
[2, 2, 4, 2, 4, 4] 750.5260932264747
[2, 2, 4, 2, 5, 2] 750.8101105734222
30/658 done.
Best: [2, 2, 4, 2, 2, 5] with time 748.3703967289996
[2, 2, 4, 3, 3, 4] 759.2970400689761
[2, 2, 4, 3, 4, 3] 760.1354869904799
[2, 2, 4, 4, 1, 5] 758.9077707739659
[2, 2, 4, 4, 2, 4] 763.2505356598299
[2, 2, 4, 4, 3, 3] 765.515941808283
[2, 2, 4, 4, 4, 2] 766.1118433606614
[2, 2, 4, 4, 5, 1] 766.4848663565655
[2, 2, 4, 5, 1, 4] 758.361609488222
[2, 2, 4, 5, 2, 2] 761.9592967248991
[2, 2, 4, 5, 4, 1] 765.9682180144704
40/658 done.
Best: [2, 2, 4, 2, 2, 5] with time 748.3703967289996
[2, 2, 5, 2, 1, 5] 706.821313552803
[2, 2, 5, 2, 2, 4] 708.4301106475772
[2, 2, 5, 2, 3, 3] 709.6763076791942
[2, 2, 5, 2, 4, 2] 710.2026331107091
[2, 2, 5, 2, 5, 1] 711.5227640294147
[2, 2, 5, 3, 2, 3] 716.3819866012913
[2, 2, 5, 3, 3, 2] 718.0502325030311
[2, 2, 5, 4, 1, 4] 718.7260002698696
[2, 2, 5, 4, 2, 2] 721.7458305068334
[2, 2, 5, 4, 4, 1] 724.9878201474185
50/658 done.
Best: [2, 2, 5, 2, 1, 5] with time 706.821313552803
[2, 2, 5, 5, 1, 2] 715.9249746077635
[2, 2, 5, 5, 2, 1] 720.6287929259476
[2, 3, 1, 3, 4, 5] 969.3803196530348
[2, 3, 1, 3, 5, 4] 969.0029150560438
[2, 3, 1, 4, 3, 5] 973.0038074418153
[2, 3, 1, 4, 5, 3] 971.808844495753
[2, 3, 1, 5, 3, 4] 972.5525571233304
[2, 3, 1, 5, 4, 3] 971.8977130402188
[2, 3, 2, 2, 3, 5] 863.7333292254513
[2, 3, 2, 2, 5, 3] 862.5884658884634
60/658 done.
Best: [2, 2, 5, 2, 1, 5] with time 706.821313552803
[2, 3, 2, 3, 2, 5] 871.3058602352625
[2, 3, 2, 3, 4, 4] 871.7101818585561
[2, 3, 2, 3, 5, 2] 868.4059543611492
[2, 3, 2, 4, 3, 4] 875.7659030431022
[2, 3, 2, 4, 4, 3] 875.2904896473339
[2, 3, 2, 5, 2, 3] 873.5636997126045
[2, 3, 2, 5, 3, 2] 872.0477129271785
[2, 3, 3, 2, 2, 5] 796.350292456103
[2, 3, 3, 2, 4, 4] 796.0175138390123
[2, 3, 3, 2, 5, 2] 793.3832096858409
70/658 done.
Best: [2, 2, 5, 2, 1, 5] with time 706.821313552803
[2, 3, 3, 3, 3, 4] 804.3342287494215
[2, 3, 3, 3, 4, 3] 803.442199558725
[2, 3, 3, 4, 1, 5] 808.3108403922982
[2, 3, 3, 4, 2, 4] 808.0721438683383
[2, 3, 3, 4, 3, 3] 807.4575339074378
[2, 3, 3, 4, 4, 2] 805.6083834017667
[2, 3, 3, 4, 5, 1] 802.3134577654895
[2, 3, 3, 5, 1, 4] 807.7485933069466
[2, 3, 3, 5, 2, 2] 803.8900308518055
[2, 3, 3, 5, 4, 1] 801.6485993743099
80/658 done.
Best: [2, 2, 5, 2, 1, 5] with time 706.821313552803
[2, 3, 4, 2, 3, 4] 745.2643889957556
[2, 3, 4, 2, 4, 3] 744.4532668832773
[2, 3, 4, 3, 1, 5] 754.1334459730954
[2, 3, 4, 3, 2, 4] 753.4188532713695
[2, 3, 4, 3, 3, 3] 752.5237529087534
[2, 3, 4, 3, 4, 2] 750.5259819681296
[2, 3, 4, 3, 5, 1] 746.0055001516
[2, 3, 4, 4, 2, 3] 757.4234644010769
[2, 3, 4, 4, 3, 2] 755.3616372744224
[2, 3, 4, 5, 1, 3] 756.954093601437
90/658 done.
Best: [2, 2, 5, 2, 1, 5] with time 706.821313552803
[2, 3, 4, 5, 3, 1] 750.6429827373445
[2, 3, 5, 2, 2, 3] 704.7072414970679
[2, 3, 5, 2, 3, 2] 702.944726419765
[2, 3, 5, 3, 1, 4] 713.4258357302796
[2, 3, 5, 3, 2, 2] 710.1994085073268
[2, 3, 5, 3, 4, 1] 705.5401433408734
[2, 3, 5, 4, 1, 3] 717.5171365124972
[2, 3, 5, 4, 3, 1] 710.1730839897332
[2, 4, 1, 2, 4, 5] 960.2842450148942
[2, 4, 1, 2, 5, 4] 959.8352682853714
100/658 done.
Best: [2, 3, 5, 2, 3, 2] with time 702.944726419765
[2, 4, 1, 3, 3, 5] 967.5400858001366
[2, 4, 1, 3, 5, 3] 965.9851340792181
[2, 4, 1, 4, 2, 5] 969.9938910731819
[2, 4, 1, 4, 4, 4] 970.5317141796379
[2, 4, 1, 4, 5, 2] 966.2738445081652
[2, 4, 1, 5, 1, 5] 969.4294666860608
[2, 4, 1, 5, 2, 4] 969.4381750241404
[2, 4, 1, 5, 3, 3] 968.7604136526875
[2, 4, 1, 5, 4, 2] 966.1950462704868
[2, 4, 1, 5, 5, 1] 958.8693305946963
110/658 done.
Best: [2, 3, 5, 2, 3, 2] with time 702.944726419765
[2, 4, 2, 2, 2, 5] 863.5244576965689
[2, 4, 2, 2, 4, 4] 863.3896532759829
[2, 4, 2, 2, 5, 2] 860.4907998372264
[2, 4, 2, 3, 3, 4] 871.0412883182067
[2, 4, 2, 3, 4, 3] 870.2003909415939
[2, 4, 2, 4, 1, 5] 874.126583434256
[2, 4, 2, 4, 2, 4] 873.8375382163454
[2, 4, 2, 4, 3, 3] 873.0646238419286
[2, 4, 2, 4, 4, 2] 870.4655806773554
[2, 4, 2, 4, 5, 1] 863.7819811264716
120/658 done.
Best: [2, 3, 5, 2, 3, 2] with time 702.944726419765
[2, 4, 2, 5, 1, 4] 873.528404221156
[2, 4, 2, 5, 2, 2] 869.5475947919529
[2, 4, 2, 5, 4, 1] 863.4845680134379
[2, 4, 3, 2, 3, 4] 795.927477274978
[2, 4, 3, 2, 4, 3] 795.1469794449241
[2, 4, 3, 3, 1, 5] 804.9702672754474
[2, 4, 3, 3, 2, 4] 804.1267547978318
[2, 4, 3, 3, 3, 3] 803.1308595619757
[2, 4, 3, 3, 4, 2] 800.8263733877889
[2, 4, 3, 3, 5, 1] 794.1738315763155
130/658 done.
Best: [2, 3, 5, 2, 3, 2] with time 702.944726419765
[2, 4, 3, 4, 2, 3] 806.7147797907512
[2, 4, 3, 4, 3, 2] 804.3363533134032
[2, 4, 3, 5, 1, 3] 806.4457764533073
[2, 4, 3, 5, 3, 1] 797.3760595303061
[2, 4, 4, 2, 1, 5] 746.5124945588644
[2, 4, 4, 2, 2, 4] 745.3082216404767
[2, 4, 4, 2, 3, 3] 744.410928076381
[2, 4, 4, 2, 4, 2] 742.7397224776428
[2, 4, 4, 2, 5, 1] 738.0491914148254
[2, 4, 4, 3, 2, 3] 752.3422148478452
140/658 done.
Best: [2, 3, 5, 2, 3, 2] with time 702.944726419765
[2, 4, 4, 3, 3, 2] 750.2948737929154
[2, 4, 4, 4, 1, 4] 758.2229184067628
[2, 4, 4, 4, 2, 2] 754.8236950726819
[2, 4, 4, 4, 4, 1] 748.8169716538775
[2, 4, 4, 5, 1, 2] 754.3225071179013
[2, 4, 4, 5, 2, 1] 747.9605523565879
[2, 4, 5, 2, 1, 4] 706.4198314591265
[2, 4, 5, 2, 2, 2] 703.0083805752541
[2, 4, 5, 2, 4, 1] 698.4239014003426
[2, 4, 5, 3, 1, 3] 712.4448349364302
150/658 done.
Best: [2, 4, 5, 2, 4, 1] with time 698.4239014003426
[2, 4, 5, 3, 3, 1] 704.4042156237224
[2, 4, 5, 4, 1, 2] 715.0726280634675
[2, 4, 5, 4, 2, 1] 708.6205230973691
[2, 4, 5, 5, 1, 1] 708.131369263747
[2, 5, 1, 2, 2, 5] 959.8966955809284
[2, 5, 1, 2, 4, 4] 959.6875171208534
[2, 5, 1, 2, 5, 2] 956.5096131185409
[2, 5, 1, 3, 3, 4] 966.7660300981748
[2, 5, 1, 3, 4, 3] 965.7753904338662
[2, 5, 1, 4, 1, 5] 969.4018703542123
160/658 done.
Best: [2, 4, 5, 2, 4, 1] with time 698.4239014003426
[2, 5, 1, 4, 2, 4] 969.2075830681541
[2, 5, 1, 4, 3, 3] 968.4615891224322
[2, 5, 1, 4, 4, 2] 965.8560982533961
[2, 5, 1, 4, 5, 1] 957.608858368428
[2, 5, 1, 5, 1, 4] 968.6261851095751
[2, 5, 1, 5, 2, 2] 964.8136407581363
[2, 5, 1, 5, 4, 1] 957.4922502726723
[2, 5, 2, 2, 1, 5] 864.1092949745621
[2, 5, 2, 2, 2, 4] 863.0620440326674
[2, 5, 2, 2, 3, 3] 862.1798170253214
170/658 done.
Best: [2, 4, 5, 2, 4, 1] with time 698.4239014003426
[2, 5, 2, 2, 4, 2] 860.3669280176276
[2, 5, 2, 2, 5, 1] 855.3252237391174
[2, 5, 2, 3, 2, 3] 869.6164133759992
[2, 5, 2, 3, 3, 2] 867.1172342166482
[2, 5, 2, 4, 1, 4] 873.5025490939779
[2, 5, 2, 4, 2, 2] 869.4665270987267
[2, 5, 2, 4, 4, 1] 862.7475175201916
[2, 5, 2, 5, 1, 2] 869.4998764525991
[2, 5, 2, 5, 2, 1] 862.0082361562099
[2, 5, 3, 2, 2, 3] 794.9853942881356
180/658 done.
Best: [2, 4, 5, 2, 4, 1] with time 698.4239014003426
[2, 5, 3, 2, 3, 2] 793.162853446491
[2, 5, 3, 3, 1, 4] 804.4260307152508
[2, 5, 3, 3, 2, 2] 800.3589370662876
[2, 5, 3, 3, 4, 1] 793.988338248891
[2, 5, 3, 4, 1, 3] 806.424701495199
[2, 5, 3, 4, 3, 1] 797.3290504807128
[2, 5, 4, 2, 1, 4] 746.0857485831499
[2, 5, 4, 2, 2, 2] 742.7070707490723
[2, 5, 4, 2, 4, 1] 738.0003753070476
[2, 5, 4, 3, 1, 3] 752.4944989412799
190/658 done.
Best: [2, 4, 5, 2, 4, 1] with time 698.4239014003426
[2, 5, 4, 3, 3, 1] 744.0703614863976
[2, 5, 4, 4, 1, 2] 754.3249716944202
[2, 5, 4, 4, 2, 1] 747.8830139099273
[2, 5, 4, 5, 1, 1] 747.4086777189091
[2, 5, 5, 2, 1, 2] 703.958415011324
[2, 5, 5, 2, 2, 1] 698.5088921389306
[2, 5, 5, 4, 1, 1] 708.0500782763502
[3, 2, 1, 3, 4, 5] 975.9098772336663
[3, 2, 1, 3, 5, 4] 976.6189194955462
[3, 2, 1, 4, 3, 5] 978.401141671622
200/658 done.
Best: [2, 4, 5, 2, 4, 1] with time 698.4239014003426
[3, 2, 1, 4, 5, 3] 980.4894156945782
[3, 2, 1, 5, 3, 4] 978.5484574628542
[3, 2, 1, 5, 4, 3] 980.004142451076
[3, 2, 2, 2, 3, 5] 867.4254374865535
[3, 2, 2, 2, 5, 3] 868.9961491187449
[3, 2, 2, 3, 2, 5] 873.7240062178407
[3, 2, 2, 3, 4, 4] 878.4599859170967
[3, 2, 2, 3, 5, 2] 878.9041579851806
[3, 2, 2, 4, 3, 4] 882.1038496909841
[3, 2, 2, 4, 4, 3] 883.6076580913899
210/658 done.
Best: [2, 4, 5, 2, 4, 1] with time 698.4239014003426
[3, 2, 2, 5, 2, 3] 878.4081587110853
[3, 2, 2, 5, 3, 2] 881.7082467355787
[3, 2, 3, 2, 2, 5] 797.6377923438839
[3, 2, 3, 2, 4, 4] 800.9310525601783
[3, 2, 3, 2, 5, 2] 801.5899051355566
[3, 2, 3, 3, 3, 4] 809.067655069841
[3, 2, 3, 3, 4, 3] 810.327087604592
[3, 2, 3, 4, 1, 5] 803.1631007819944
[3, 2, 3, 4, 2, 4] 811.7428918286363
[3, 2, 3, 4, 3, 3] 815.1573810530033
220/658 done.
Best: [2, 4, 5, 2, 4, 1] with time 698.4239014003426
[3, 2, 3, 4, 4, 2] 816.4435925432547
[3, 2, 3, 4, 5, 1] 817.3337006320635
[3, 2, 3, 5, 1, 4] 803.1885479248632
[3, 2, 3, 5, 2, 2] 811.3337652680727
[3, 2, 3, 5, 4, 1] 816.5358259209669
[3, 2, 4, 2, 3, 4] 749.0843763885287
[3, 2, 4, 2, 4, 3] 750.0401978892947
[3, 2, 4, 3, 1, 5] 748.2756730832714
[3, 2, 4, 3, 2, 4] 755.2670786567257
[3, 2, 4, 3, 3, 3] 757.9815043378519
230/658 done.
Best: [2, 4, 5, 2, 4, 1] with time 698.4239014003426
[3, 2, 4, 3, 4, 2] 759.3073248023597
[3, 2, 4, 3, 5, 1] 760.1135237457761
[3, 2, 4, 4, 2, 3] 761.1832698129194
[3, 2, 4, 4, 3, 2] 764.2407188208742
[3, 2, 4, 5, 1, 3] 752.9024191412691
[3, 2, 4, 5, 3, 1] 764.2692833245811
[3, 2, 5, 2, 2, 3] 706.9877885742992
[3, 2, 5, 2, 3, 2] 709.2152661840252
[3, 2, 5, 3, 1, 4] 708.2681921211962
[3, 2, 5, 3, 2, 2] 714.7935238565547
240/658 done.
Best: [2, 4, 5, 2, 4, 1] with time 698.4239014003426
[3, 2, 5, 3, 4, 1] 718.9614687681833
[3, 2, 5, 4, 1, 3] 713.0285789053582
[3, 2, 5, 4, 3, 1] 723.3822372470336
[3, 3, 1, 2, 4, 5] 946.8408634243413
[3, 3, 1, 2, 5, 4] 947.4991958531895
[3, 3, 1, 3, 3, 5] 954.3821518980814
[3, 3, 1, 3, 5, 3] 956.3921741303477
[3, 3, 1, 4, 2, 5] 956.4492115332782
[3, 3, 1, 4, 4, 4] 960.0332444084659
[3, 3, 1, 4, 5, 2] 960.3085911249856
250/658 done.
Best: [2, 4, 5, 2, 4, 1] with time 698.4239014003426
[3, 3, 1, 5, 1, 5] 954.5459555056077
[3, 3, 1, 5, 2, 4] 955.7997416477434
[3, 3, 1, 5, 3, 3] 958.0220491892736
[3, 3, 1, 5, 4, 2] 959.4411028499235
[3, 3, 1, 5, 5, 1] 960.5525769517064
[3, 3, 2, 2, 2, 5] 848.3708207288475
[3, 3, 2, 2, 4, 4] 851.3111191287749
[3, 3, 2, 2, 5, 2] 852.0947339044412
[3, 3, 2, 3, 3, 4] 858.1245179169582
[3, 3, 2, 3, 4, 3] 859.262122715553
260/658 done.
Best: [2, 4, 5, 2, 4, 1] with time 698.4239014003426
[3, 3, 2, 4, 1, 5] 858.5898988087637
[3, 3, 2, 4, 2, 4] 860.3846911463163
[3, 3, 2, 4, 3, 3] 863.1195215649517
[3, 3, 2, 4, 4, 2] 864.3418630904433
[3, 3, 2, 4, 5, 1] 866.0339747894595
[3, 3, 2, 5, 1, 4] 857.9504036394445
[3, 3, 2, 5, 2, 2] 858.3440948254993
[3, 3, 2, 5, 4, 1] 864.8234734821515
[3, 3, 3, 2, 3, 4] 783.8001709376633
[3, 3, 3, 2, 4, 3] 784.6922638916438
270/658 done.
Best: [2, 4, 5, 2, 4, 1] with time 698.4239014003426
[3, 3, 3, 3, 1, 5] 788.4369111561092
[3, 3, 3, 3, 2, 4] 788.8312697155422
[3, 3, 3, 3, 3, 3] 790.6743873854077
[3, 3, 3, 3, 4, 2] 791.7914720892795
[3, 3, 3, 3, 5, 1] 793.5333990690697
[3, 3, 3, 4, 2, 3] 793.6876041446986
[3, 3, 3, 4, 3, 2] 796.3681730903564
[3, 3, 3, 5, 1, 3] 789.9321662680948
[3, 3, 3, 5, 3, 1] 796.8690494475364
[3, 3, 4, 2, 1, 5] 732.3246716431996
280/658 done.
Best: [2, 4, 5, 2, 4, 1] with time 698.4239014003426
[3, 3, 4, 2, 2, 4] 732.1188347212583
[3, 3, 4, 2, 3, 3] 733.6551417891061
[3, 3, 4, 2, 4, 2] 734.9652945434059
[3, 3, 4, 2, 5, 1] 736.8748889402622
[3, 3, 4, 3, 2, 3] 737.869525425458
[3, 3, 4, 3, 3, 2] 739.9462730769538
[3, 3, 4, 4, 1, 4] 741.6035598365934
[3, 3, 4, 4, 2, 2] 742.9234914951663
[3, 3, 4, 4, 4, 1] 748.7901934050153
[3, 3, 4, 5, 1, 2] 737.2111220978559
290/658 done.
Best: [2, 4, 5, 2, 4, 1] with time 698.4239014003426
[3, 3, 4, 5, 2, 1] 742.9356693620177
[3, 3, 5, 2, 1, 4] 692.5490099244956
[3, 3, 5, 2, 2, 2] 692.0161993162991
[3, 3, 5, 2, 4, 1] 696.7965086950813
[3, 3, 5, 3, 1, 3] 696.4466371559083
[3, 3, 5, 3, 3, 1] 700.8926167117273
[3, 3, 5, 4, 1, 2] 698.1998517019657
[3, 3, 5, 4, 2, 1] 702.917208028259
[3, 3, 5, 5, 1, 1] 694.3478722266823
[3, 4, 1, 2, 3, 5] 942.4119354388866
300/658 done.
Best: [3, 3, 5, 2, 2, 2] with time 692.0161993162991
[3, 4, 1, 2, 5, 3] 940.4386759393893
[3, 4, 1, 3, 2, 5] 949.4329797010855
[3, 4, 1, 3, 4, 4] 949.8416187527828
[3, 4, 1, 3, 5, 2] 945.7724215404453
[3, 4, 1, 4, 3, 4] 953.8403244708988
[3, 4, 1, 4, 4, 3] 952.741290899335
[3, 4, 1, 5, 2, 3] 951.2713006630562
[3, 4, 1, 5, 3, 2] 949.0425127231674
[3, 4, 2, 2, 3, 4] 846.457112412344
[3, 4, 2, 2, 4, 3] 845.3596300241743
310/658 done.
Best: [3, 3, 5, 2, 2, 2] with time 692.0161993162991
[3, 4, 2, 3, 1, 5] 853.9874726188879
[3, 4, 2, 3, 2, 4] 852.6807041675833
[3, 4, 2, 3, 3, 3] 851.9500488401799
[3, 4, 2, 3, 4, 2] 849.4419165406464
[3, 4, 2, 3, 5, 1] 847.3215407044245
[3, 4, 2, 4, 2, 3] 855.8061049520404
[3, 4, 2, 4, 3, 2] 853.4528735625548
[3, 4, 2, 5, 1, 3] 854.5999603149019
[3, 4, 2, 5, 3, 1] 849.1224359781964
[3, 4, 3, 2, 1, 5] 782.1503704069411
320/658 done.
Best: [3, 3, 5, 2, 2, 2] with time 692.0161993162991
[3, 4, 3, 2, 2, 4] 780.2749223675573
[3, 4, 3, 2, 3, 3] 778.9702733774116
[3, 4, 3, 2, 4, 2] 776.935772370722
[3, 4, 3, 2, 5, 1] 775.908537144221
[3, 4, 3, 3, 2, 3] 784.7768131716338
[3, 4, 3, 3, 3, 2] 782.2120803933726
[3, 4, 3, 4, 1, 4] 790.7509341130013
[3, 4, 3, 4, 2, 2] 786.0178647545979
[3, 4, 3, 4, 4, 1] 785.9747447618623
[3, 4, 3, 5, 1, 2] 785.6963476047811
330/658 done.
Best: [3, 3, 5, 2, 2, 2] with time 692.0161993162991
[3, 4, 3, 5, 2, 1] 780.3273269520737
[3, 4, 4, 2, 2, 3] 729.2977101557674
[3, 4, 4, 2, 3, 2] 726.914625717306
[3, 4, 4, 3, 1, 4] 737.2080346114373
[3, 4, 4, 3, 2, 2] 732.0603332280365
[3, 4, 4, 3, 4, 1] 730.1228937583276
[3, 4, 4, 4, 1, 3] 739.945448379182
[3, 4, 4, 4, 3, 1] 734.4580361155431
[3, 4, 5, 2, 1, 3] 691.5576930827146
[3, 4, 5, 2, 3, 1] 685.3131526964054
340/658 done.
Best: [3, 4, 5, 2, 3, 1] with time 685.3131526964054
[3, 4, 5, 3, 1, 2] 693.9025308643565
[3, 4, 5, 3, 2, 1] 686.7753024809948
[3, 5, 1, 2, 3, 4] 941.5765329072651
[3, 5, 1, 2, 4, 3] 940.382310977226
[3, 5, 1, 3, 1, 5] 949.1318302412956
[3, 5, 1, 3, 2, 4] 947.2919763918047
[3, 5, 1, 3, 3, 3] 945.8729448635096
[3, 5, 1, 3, 4, 2] 943.2519388190725
[3, 5, 1, 3, 5, 1] 935.8428333990338
[3, 5, 1, 4, 2, 3] 948.8823621230755
350/658 done.
Best: [3, 4, 5, 2, 3, 1] with time 685.3131526964054
[3, 5, 1, 4, 3, 2] 946.574544133485
[3, 5, 1, 5, 1, 3] 949.0281379014558
[3, 5, 1, 5, 3, 1] 938.222246162534
[3, 5, 2, 2, 2, 3] 845.2816177976008
[3, 5, 2, 2, 3, 2] 842.672525479961
[3, 5, 2, 3, 1, 4] 853.3271730518047
[3, 5, 2, 3, 2, 2] 847.3365845448939
[3, 5, 2, 3, 4, 1] 840.4999393629753
[3, 5, 2, 4, 1, 3] 854.5771806219108
[3, 5, 2, 4, 3, 1] 843.9217514175
360/658 done.
Best: [3, 4, 5, 2, 3, 1] with time 685.3131526964054
[3, 5, 3, 2, 1, 4] 781.6395750047991
[3, 5, 3, 2, 2, 2] 776.829035476497
[3, 5, 3, 2, 4, 1] 770.9063513804707
[3, 5, 3, 3, 1, 3] 785.9042132068719
[3, 5, 3, 3, 3, 1] 773.9780615709192
[3, 5, 3, 4, 1, 2] 785.6561555464929
[3, 5, 3, 4, 2, 1] 777.315869931945
[3, 5, 3, 5, 1, 1] 778.207358965054
[3, 5, 4, 2, 1, 3] 730.7044003687547
[3, 5, 4, 2, 3, 1] 721.353736490482
370/658 done.
Best: [3, 4, 5, 2, 3, 1] with time 685.3131526964054
[3, 5, 4, 3, 1, 2] 733.1296157471479
[3, 5, 4, 3, 2, 1] 724.8935801711556
[3, 5, 5, 3, 1, 1] 687.3710491584716
[4, 2, 1, 2, 4, 5] 965.2356198039053
[4, 2, 1, 2, 5, 4] 965.7626620397607
[4, 2, 1, 3, 3, 5] 974.1855215045791
[4, 2, 1, 3, 5, 3] 976.3555811085006
[4, 2, 1, 4, 2, 5] 974.4594098680391
[4, 2, 1, 4, 4, 4] 979.9084885735574
[4, 2, 1, 4, 5, 2] 979.8973160493684
380/658 done.
Best: [3, 4, 5, 2, 3, 1] with time 685.3131526964054
[4, 2, 1, 5, 1, 5] 964.830009466462
[4, 2, 1, 5, 2, 4] 974.4453294116224
[4, 2, 1, 5, 3, 3] 977.9792450880702
[4, 2, 1, 5, 4, 2] 979.2561649701546
[4, 2, 1, 5, 5, 1] 979.6605373230631
[4, 2, 2, 2, 2, 5] 865.0248611157341
[4, 2, 2, 2, 4, 4] 868.4512065086857
[4, 2, 2, 2, 5, 2] 868.9693136133404
[4, 2, 2, 3, 3, 4] 876.8079036213521
[4, 2, 2, 3, 4, 3] 878.2368908103982
390/658 done.
Best: [3, 4, 5, 2, 3, 1] with time 685.3131526964054
[4, 2, 2, 4, 1, 5] 869.441628604709
[4, 2, 2, 4, 2, 4] 878.5197389075912
[4, 2, 2, 4, 3, 3] 881.8093562157791
[4, 2, 2, 4, 4, 2] 883.2895962261833
[4, 2, 2, 4, 5, 1] 884.1652205388795
[4, 2, 2, 5, 1, 4] 869.2959229931707
[4, 2, 2, 5, 2, 2] 877.9056909455528
[4, 2, 2, 5, 4, 1] 883.186513003593
[4, 2, 3, 2, 3, 4] 799.9191282780757
[4, 2, 3, 2, 4, 3] 800.9388170590208
400/658 done.
Best: [3, 4, 5, 2, 3, 1] with time 685.3131526964054
[4, 2, 3, 3, 1, 5] 798.719007350399
[4, 2, 3, 3, 2, 4] 805.9478587129818
[4, 2, 3, 3, 3, 3] 808.9204302571112
[4, 2, 3, 3, 4, 2] 810.1698906555353
[4, 2, 3, 3, 5, 1] 811.2193372646798
[4, 2, 3, 4, 2, 3] 811.5377667012958
[4, 2, 3, 4, 3, 2] 814.8181182546472
[4, 2, 3, 5, 1, 3] 802.942982558585
[4, 2, 3, 5, 3, 1] 814.8052284033516
[4, 2, 4, 2, 1, 5] 741.6734408376747
410/658 done.
Best: [3, 4, 5, 2, 3, 1] with time 685.3131526964054
[4, 2, 4, 2, 2, 4] 746.9519167332542
[4, 2, 4, 2, 3, 3] 749.0919670831231
[4, 2, 4, 2, 4, 2] 750.263091337278
[4, 2, 4, 2, 5, 1] 751.5795791613991
[4, 2, 4, 3, 2, 3] 755.1265201885413
[4, 2, 4, 3, 3, 2] 757.887795587675
[4, 2, 4, 4, 1, 4] 752.9080766028025
[4, 2, 4, 4, 2, 2] 760.8840304570637
[4, 2, 4, 4, 4, 1] 765.61070126987
[4, 2, 4, 5, 1, 2] 752.5718904347797
420/658 done.
Best: [3, 4, 5, 2, 3, 1] with time 685.3131526964054
[4, 2, 4, 5, 2, 1] 760.8228620015892
[4, 2, 5, 2, 1, 4] 702.0279904368924
[4, 2, 5, 2, 2, 2] 707.1415848296717
[4, 2, 5, 2, 4, 1] 711.0520370022607
[4, 2, 5, 3, 1, 3] 708.2117872059275
[4, 2, 5, 3, 3, 1] 717.6019628372479
[4, 2, 5, 4, 1, 2] 712.6282467816909
[4, 2, 5, 4, 2, 1] 720.2374114855761
[4, 2, 5, 5, 1, 1] 712.4524512627152
[4, 3, 1, 2, 3, 5] 945.375783845263
430/658 done.
Best: [3, 4, 5, 2, 3, 1] with time 685.3131526964054
[4, 3, 1, 2, 5, 3] 947.3346891695205
[4, 3, 1, 3, 2, 5] 949.5664412342469
[4, 3, 1, 3, 4, 4] 955.4434887069938
[4, 3, 1, 3, 5, 2] 956.1700098053687
[4, 3, 1, 4, 3, 4] 957.8338045348191
[4, 3, 1, 4, 4, 3] 959.5768820537352
[4, 3, 1, 5, 2, 3] 952.891077042758
[4, 3, 1, 5, 3, 2] 957.0055634486239
[4, 3, 2, 2, 3, 4] 849.905352489778
[4, 3, 2, 2, 4, 3] 851.2515071211224
440/658 done.
Best: [3, 4, 5, 2, 3, 1] with time 685.3131526964054
[4, 3, 2, 3, 1, 5] 845.174308717628
[4, 3, 2, 3, 2, 4] 853.3017283778134
[4, 3, 2, 3, 3, 3] 856.9250779340571
[4, 3, 2, 3, 4, 2] 858.7926904372713
[4, 3, 2, 3, 5, 1] 860.8522687902506
[4, 3, 2, 4, 2, 3] 858.0846965529637
[4, 3, 2, 4, 3, 2] 862.1514525454372
[4, 3, 2, 5, 1, 3] 847.8159331695671
[4, 3, 2, 5, 3, 1] 862.5114938481278
[4, 3, 3, 2, 1, 5] 774.5706082722477
450/658 done.
Best: [3, 4, 5, 2, 3, 1] with time 685.3131526964054
[4, 3, 3, 2, 2, 4] 780.7004597321996
[4, 3, 3, 2, 3, 3] 783.4136384312864
[4, 3, 3, 2, 4, 2] 784.9085654268493
[4, 3, 3, 2, 5, 1] 786.8509349733797
[4, 3, 3, 3, 2, 3] 786.3324218445917
[4, 3, 3, 3, 3, 2] 789.9668951575006
[4, 3, 3, 4, 1, 4] 782.627998796602
[4, 3, 3, 4, 2, 2] 791.9580231568945
[4, 3, 3, 4, 4, 1] 798.7997827604496
[4, 3, 3, 5, 1, 2] 782.3613570614303
460/658 done.
Best: [3, 4, 5, 2, 3, 1] with time 685.3131526964054
[4, 3, 3, 5, 2, 1] 792.4702239763174
[4, 3, 4, 2, 2, 3] 730.8861295326914
[4, 3, 4, 2, 3, 2] 733.7353571043593
[4, 3, 4, 3, 1, 4] 728.8767951694266
[4, 3, 4, 3, 2, 2] 736.5390263982817
[4, 3, 4, 3, 4, 1] 742.2901474251171
[4, 3, 4, 4, 1, 3] 732.9131159695316
[4, 3, 4, 4, 3, 1] 746.7264630112487
[4, 3, 5, 2, 1, 3] 685.9884576575745
[4, 3, 5, 2, 3, 1] 695.604795188118
470/658 done.
Best: [3, 4, 5, 2, 3, 1] with time 685.3131526964054
[4, 3, 5, 3, 1, 2] 689.6588028627277
[4, 3, 5, 3, 2, 1] 697.6967242178162
[4, 4, 1, 2, 2, 5] 930.1739684090113
[4, 4, 1, 2, 4, 4] 932.8132012443419
[4, 4, 1, 2, 5, 2] 933.8247205804408
[4, 4, 1, 3, 3, 4] 938.225548313171
[4, 4, 1, 3, 4, 3] 940.1059372606991
[4, 4, 1, 4, 1, 5] 940.6390164698824
[4, 4, 1, 4, 2, 4] 941.0613021026722
[4, 4, 1, 4, 3, 3] 942.0994286405817
480/658 done.
Best: [3, 4, 5, 2, 3, 1] with time 685.3131526964054
[4, 4, 1, 4, 4, 2] 944.2335749044084
[4, 4, 1, 4, 5, 1] 946.4571448637287
[4, 4, 1, 5, 1, 4] 939.7060127164673
[4, 4, 1, 5, 2, 2] 936.7134656859008
[4, 4, 1, 5, 4, 1] 944.9920045883937
[4, 4, 2, 2, 1, 5] 837.0797855770504
[4, 4, 2, 2, 2, 4] 834.9794258630211
[4, 4, 2, 2, 3, 3] 836.546749834089
[4, 4, 2, 2, 4, 2] 838.4963038834177
[4, 4, 2, 2, 5, 1] 841.2464651709686
490/658 done.
Best: [3, 4, 5, 2, 3, 1] with time 685.3131526964054
[4, 4, 2, 3, 2, 3] 839.9961810756982
[4, 4, 2, 3, 3, 2] 842.1608839701302
[4, 4, 2, 4, 1, 4] 844.6330818295806
[4, 4, 2, 4, 2, 2] 842.7513106438927
[4, 4, 2, 4, 4, 1] 850.9876754591368
[4, 4, 2, 5, 1, 2] 839.6536135419466
[4, 4, 2, 5, 2, 1] 843.5927619763681
[4, 4, 3, 2, 2, 3] 768.7323831517433
[4, 4, 3, 2, 3, 2] 771.3093919802499
[4, 4, 3, 3, 1, 4] 774.9653179252664
500/658 done.
Best: [3, 4, 5, 2, 3, 1] with time 685.3131526964054
[4, 4, 3, 3, 2, 2] 772.1131742042808
[4, 4, 3, 3, 4, 1] 779.4024184575457
[4, 4, 3, 4, 1, 3] 776.9738150059823
[4, 4, 3, 4, 3, 1] 783.2625426757085
[4, 4, 4, 2, 1, 4] 721.3687693353704
[4, 4, 4, 2, 2, 2] 719.1282304493983
[4, 4, 4, 2, 4, 1] 725.2404339893843
[4, 4, 4, 3, 1, 3] 723.727523607333
[4, 4, 4, 3, 3, 1] 727.719796817958
[4, 4, 4, 4, 1, 2] 724.2098196316975
510/658 done.
Best: [3, 4, 5, 2, 3, 1] with time 685.3131526964054
[4, 4, 4, 4, 2, 1] 729.1693054508694
[4, 4, 4, 5, 1, 1] 720.0110223953932
[4, 4, 5, 2, 1, 2] 679.1703872020786
[4, 4, 5, 2, 2, 1] 682.2704180043087
[4, 4, 5, 4, 1, 1] 680.8325368363459
[4, 5, 1, 2, 1, 5] 931.5742419294381
[4, 5, 1, 2, 2, 4] 928.4631851863232
[4, 5, 1, 2, 3, 3] 926.3730657866938
[4, 5, 1, 2, 4, 2] 923.5610035465905
[4, 5, 1, 2, 5, 1] 925.814741153507
520/658 done.
Best: [4, 4, 5, 2, 1, 2] with time 679.1703872020786
[4, 5, 1, 3, 2, 3] 932.6200707715495
[4, 5, 1, 3, 3, 2] 930.0278982107859
[4, 5, 1, 4, 1, 4] 937.6781902037976
[4, 5, 1, 4, 2, 2] 933.0513056356831
[4, 5, 1, 4, 4, 1] 933.857201372689
[4, 5, 1, 5, 1, 2] 932.1961355803977
[4, 5, 1, 5, 2, 1] 926.1460311000394
[4, 5, 2, 2, 1, 4] 836.3734416564215
[4, 5, 2, 2, 2, 2] 829.8706228381906
[4, 5, 2, 2, 4, 1] 830.8743550084878
530/658 done.
Best: [4, 4, 5, 2, 1, 2] with time 679.1703872020786
[4, 5, 2, 3, 1, 3] 838.7776802348538
[4, 5, 2, 3, 3, 1] 832.9201666019669
[4, 5, 2, 4, 1, 2] 837.6601493038667
[4, 5, 2, 4, 2, 1] 832.5754410160089
[4, 5, 2, 5, 1, 1] 830.6912164760308
[4, 5, 3, 2, 1, 3] 769.593478672482
[4, 5, 3, 2, 3, 1] 764.0636524993432
[4, 5, 3, 3, 1, 2] 769.7204756069684
[4, 5, 3, 3, 2, 1] 763.3152595633977
[4, 5, 4, 2, 1, 2] 717.9605739620271
540/658 done.
Best: [4, 4, 5, 2, 1, 2] with time 679.1703872020786
[4, 5, 4, 2, 2, 1] 712.2393607195971
[4, 5, 4, 4, 1, 1] 715.7930138167114
[4, 5, 5, 2, 1, 1] 674.3380061516336
[5, 2, 1, 2, 2, 5] 961.5019261212143
[5, 2, 1, 2, 4, 4] 965.0654752473297
[5, 2, 1, 2, 5, 2] 965.3881998068161
[5, 2, 1, 3, 3, 4] 973.9617408838511
[5, 2, 1, 3, 4, 3] 975.3872183098462
[5, 2, 1, 4, 1, 5] 964.7977609021027
[5, 2, 1, 4, 2, 4] 974.1503829822457
550/658 done.
Best: [4, 5, 5, 2, 1, 1] with time 674.3380061516336
[5, 2, 1, 4, 3, 3] 977.6070059295912
[5, 2, 1, 4, 4, 2] 978.9149460941973
[5, 2, 1, 4, 5, 1] 979.5696682410651
[5, 2, 1, 5, 1, 4] 964.5502988317108
[5, 2, 1, 5, 2, 2] 973.1472846144742
[5, 2, 1, 5, 4, 1] 978.5605489260279
[5, 2, 2, 2, 1, 5] 859.0998757234491
[5, 2, 2, 2, 2, 4] 864.9180475842951
[5, 2, 2, 2, 3, 3] 867.1744501826652
[5, 2, 2, 2, 4, 2] 868.3413647292409
560/658 done.
Best: [4, 5, 5, 2, 1, 1] with time 674.3380061516336
[5, 2, 2, 2, 5, 1] 869.5780058511663
[5, 2, 2, 3, 2, 3] 873.4090145398814
[5, 2, 2, 3, 3, 2] 876.3638669562678
[5, 2, 2, 4, 1, 4] 869.2380419663555
[5, 2, 2, 4, 2, 2] 877.8199245617003
[5, 2, 2, 4, 4, 1] 883.1363510083108
[5, 2, 2, 5, 1, 2] 868.6363053593972
[5, 2, 2, 5, 2, 1] 877.7153139360386
[5, 2, 3, 2, 2, 3] 797.5229043619914
[5, 2, 3, 2, 3, 2] 799.9130397122589
570/658 done.
Best: [4, 5, 5, 2, 1, 1] with time 674.3380061516336
[5, 2, 3, 3, 1, 4] 798.5838188854814
[5, 2, 3, 3, 2, 2] 805.6057539487558
[5, 2, 3, 3, 4, 1] 810.4084001303246
[5, 2, 3, 4, 1, 3] 802.7915661244267
[5, 2, 3, 4, 3, 1] 814.7286072361143
[5, 2, 4, 2, 1, 4] 741.5864840568013
[5, 2, 4, 2, 2, 2] 747.0464297487823
[5, 2, 4, 2, 4, 1] 751.0241786718187
[5, 2, 4, 3, 1, 3] 748.0238259395802
[5, 2, 4, 3, 3, 1] 758.0165695531973
580/658 done.
Best: [4, 5, 5, 2, 1, 1] with time 674.3380061516336
[5, 2, 4, 4, 1, 2] 752.3611760093811
[5, 2, 4, 4, 2, 1] 760.6265099017018
[5, 2, 4, 5, 1, 1] 752.3214502781673
[5, 2, 5, 2, 1, 2] 702.1804700107496
[5, 2, 5, 2, 2, 1] 707.9770412892416
[5, 2, 5, 4, 1, 1] 712.2596401558187
[5, 3, 1, 2, 3, 4] 945.1698526293352
[5, 3, 1, 2, 4, 3] 946.4937898514255
[5, 3, 1, 3, 1, 5] 940.3964347613644
[5, 3, 1, 3, 2, 4] 949.3239432878489
590/658 done.
Best: [4, 5, 5, 2, 1, 1] with time 674.3380061516336
[5, 3, 1, 3, 3, 3] 953.1234637797775
[5, 3, 1, 3, 4, 2] 954.9437091096904
[5, 3, 1, 3, 5, 1] 957.0860285242566
[5, 3, 1, 4, 2, 3] 952.686306163958
[5, 3, 1, 4, 3, 2] 956.7662925949481
[5, 3, 1, 5, 1, 3] 942.1269503298529
[5, 3, 1, 5, 3, 1] 956.8788265907574
[5, 3, 2, 2, 2, 3] 846.9384717493167
[5, 3, 2, 2, 3, 2] 849.8167900051454
[5, 3, 2, 3, 1, 4] 844.5679700866227
600/658 done.
Best: [4, 5, 5, 2, 1, 1] with time 674.3380061516336
[5, 3, 2, 3, 2, 2] 852.9954456703697
[5, 3, 2, 3, 4, 1] 859.748398795206
[5, 3, 2, 4, 1, 3] 847.6927907601053
[5, 3, 2, 4, 3, 1] 862.4896697033555
[5, 3, 3, 2, 1, 4] 774.2225236179456
[5, 3, 3, 2, 2, 2] 780.7990055858404
[5, 3, 3, 2, 4, 1] 786.095211816749
[5, 3, 3, 3, 1, 3] 778.3030372517771
[5, 3, 3, 3, 3, 1] 790.7345086352822
[5, 3, 3, 4, 1, 2] 782.2117711575393
610/658 done.
Best: [4, 5, 5, 2, 1, 1] with time 674.3380061516336
[5, 3, 3, 4, 2, 1] 792.4388298558353
[5, 3, 3, 5, 1, 1] 783.1528565836787
[5, 3, 4, 2, 1, 3] 724.9087868595649
[5, 3, 4, 2, 3, 1] 734.9233708583566
[5, 3, 4, 3, 1, 2] 728.7482521160952
[5, 3, 4, 3, 2, 1] 737.2737224181245
[5, 3, 5, 3, 1, 1] 690.6512752482538
[5, 4, 1, 2, 1, 5] 923.2978901330583
[5, 4, 1, 2, 2, 4] 927.6141341974833
[5, 4, 1, 2, 3, 3] 931.0107720123456
620/658 done.
Best: [4, 5, 5, 2, 1, 1] with time 674.3380061516336
[5, 4, 1, 2, 4, 2] 932.8259726506728
[5, 4, 1, 2, 5, 1] 935.7775961463844
[5, 4, 1, 3, 2, 3] 933.09033177489
[5, 4, 1, 3, 3, 2] 937.5626103676159
[5, 4, 1, 4, 1, 4] 931.0461349966035
[5, 4, 1, 4, 2, 2] 936.6290191042957
[5, 4, 1, 4, 4, 1] 944.9275778093231
[5, 4, 1, 5, 1, 2] 926.6991895537641
[5, 4, 1, 5, 2, 1] 937.5840363691003
[5, 4, 2, 2, 1, 4] 828.6196261592748
630/658 done.
Best: [4, 5, 5, 2, 1, 1] with time 674.3380061516336
[5, 4, 2, 2, 2, 2] 833.5698280788762
[5, 4, 2, 2, 4, 1] 840.3067650725893
[5, 4, 2, 3, 1, 3] 831.3931326032261
[5, 4, 2, 3, 3, 1] 843.8279032253804
[5, 4, 2, 4, 1, 2] 832.1728132284518
[5, 4, 2, 4, 2, 1] 843.5928245885444
[5, 4, 2, 5, 1, 1] 833.8157197725625
[5, 4, 3, 2, 1, 3] 762.351889425759
[5, 4, 3, 2, 3, 1] 773.120183600115
[5, 4, 3, 3, 1, 2] 763.9916518022469
640/658 done.
Best: [4, 5, 5, 2, 1, 1] with time 674.3380061516336
[5, 4, 3, 3, 2, 1] 773.5195452495518
[5, 4, 4, 2, 1, 2] 713.109535402495
[5, 4, 4, 2, 2, 1] 721.07382392373
[5, 4, 4, 4, 1, 1] 719.7986263232306
[5, 4, 5, 2, 1, 1] 677.1449588651383
[5, 5, 1, 2, 1, 4] 921.2708994171737
[5, 5, 1, 2, 2, 2] 916.4455170365039
[5, 5, 1, 2, 4, 1] 924.8335812533463
[5, 5, 1, 3, 1, 3] 923.7775151458786
[5, 5, 1, 3, 3, 1] 927.9117438902616
650/658 done.
Best: [4, 5, 5, 2, 1, 1] with time 674.3380061516336
[5, 5, 1, 4, 1, 2] 923.0981468096775
[5, 5, 1, 4, 2, 1] 926.1460311000394
[5, 5, 1, 5, 1, 1] 917.2318890333498
[5, 5, 2, 2, 1, 2] 823.3550273406677
[5, 5, 2, 2, 2, 1] 826.1132174520716
[5, 5, 2, 4, 1, 1] 823.0590496911375
[5, 5, 3, 3, 1, 1] 756.010580437506
[5, 5, 4, 2, 1, 1] 707.2372674244745
[4, 5, 5, 2, 1, 1]
674.3380061516336
[0.0, 0.0, 0.0, 0.0, 0.0, 0.0, 0.0, 0.0]
