Evaluating 236 car configs...
[3, 3, 3, 2, 1, 5] 777.7578676200515
[3, 3, 3, 2, 2, 4] 780.322327692002
[3, 3, 3, 2, 3, 3] 781.192334523682
[3, 3, 3, 2, 3, 4] 781.7878055602135
[3, 3, 3, 2, 4, 2] 780.7084612796389
[3, 3, 3, 2, 4, 3] 781.8491236172752
[3, 3, 3, 2, 5, 1] 778.8535390374316
[3, 3, 3, 3, 1, 5] 782.5634267608668
[3, 3, 3, 3, 2, 3] 785.4921063386271
[3, 3, 3, 3, 2, 4] 786.2187844347714
10/236 done.
Best: [3, 3, 3, 2, 1, 5] with time 777.7578676200515
[3, 3, 3, 3, 3, 2] 785.7014640410587
[3, 3, 3, 3, 3, 3] 787.4543397430606
[3, 3, 3, 3, 4, 2] 786.539425043274
[3, 3, 3, 3, 5, 1] 783.3037361024375
[3, 3, 3, 4, 1, 4] 785.9668029608544
[3, 3, 3, 4, 2, 2] 788.5942167217119
[3, 3, 3, 4, 2, 3] 790.4317911662201
[3, 3, 3, 4, 3, 2] 790.8118942797385
[3, 3, 3, 4, 4, 1] 787.6662430367808
[3, 3, 3, 5, 1, 2] 783.9540942468273
20/236 done.
Best: [3, 3, 3, 2, 1, 5] with time 777.7578676200515
[3, 3, 3, 5, 1, 3] 785.4293798540223
[3, 3, 3, 5, 2, 1] 784.8803062802472
[3, 3, 3, 5, 3, 1] 786.8698103382599
[3, 3, 4, 2, 1, 5] 728.106151882635
[3, 3, 4, 2, 2, 3] 730.0068166344058
[3, 3, 4, 2, 2, 4] 730.4593135928375
[3, 3, 4, 2, 3, 2] 730.3081155353252
[3, 3, 4, 2, 3, 3] 731.2723059799521
[3, 3, 4, 2, 4, 2] 730.8666240268941
[3, 3, 4, 2, 5, 1] 729.1239148295426
30/236 done.
Best: [3, 3, 4, 2, 1, 5] with time 728.106151882635
[3, 3, 4, 3, 1, 4] 732.3863275807287
[3, 3, 4, 3, 2, 2] 734.2866078754041
[3, 3, 4, 3, 2, 3] 735.6659417415884
[3, 3, 4, 3, 3, 2] 735.9888769683048
[3, 3, 4, 3, 4, 1] 733.2402977763642
[3, 3, 4, 4, 1, 3] 735.9637619662761
[3, 3, 4, 4, 1, 4] 736.6710521320571
[3, 3, 4, 4, 2, 2] 739.5421795331339
[3, 3, 4, 4, 3, 1] 737.4461649300448
[3, 3, 4, 4, 4, 1] 738.364426233871
40/236 done.
Best: [3, 3, 4, 2, 1, 5] with time 728.106151882635
[3, 3, 4, 5, 1, 2] 734.8017274861354
[3, 3, 4, 5, 2, 1] 735.9392097941898
[3, 3, 5, 2, 1, 3] 688.4186608126695
[3, 3, 5, 2, 1, 4] 688.7661580491847
[3, 3, 5, 2, 2, 2] 689.8617522772612
[3, 3, 5, 2, 3, 1] 689.1262177130068
[3, 3, 5, 2, 4, 1] 689.6299826529093
[3, 3, 5, 3, 1, 2] 691.5390462316296
[3, 3, 5, 3, 1, 3] 692.5182812694746
[3, 3, 5, 3, 2, 1] 691.8515420275902
50/236 done.
Best: [3, 3, 5, 2, 1, 3] with time 688.4186608126695
[3, 3, 5, 3, 3, 1] 693.1944063197591
[3, 3, 5, 4, 1, 2] 695.7278541342646
[3, 3, 5, 4, 2, 1] 696.3587423834398
[3, 3, 5, 5, 1, 1] 692.5073334741617
[3, 4, 3, 2, 1, 5] 772.274900630423
[3, 4, 3, 2, 2, 3] 773.5344501814978
[3, 4, 3, 2, 2, 4] 774.0506822540672
[3, 4, 3, 2, 3, 2] 773.8482759119331
[3, 4, 3, 2, 3, 3] 774.9454017881136
[3, 4, 3, 2, 4, 2] 774.5310782107808
60/236 done.
Best: [3, 3, 5, 2, 1, 3] with time 688.4186608126695
[3, 4, 3, 2, 5, 1] 772.6227056041348
[3, 4, 3, 3, 1, 4] 775.7544346845278
[3, 4, 3, 3, 2, 2] 776.7580946879863
[3, 4, 3, 3, 2, 3] 778.2941443047396
[3, 4, 3, 3, 3, 2] 778.6397795725761
[3, 4, 3, 3, 4, 1] 775.7886077132546
[3, 4, 3, 4, 1, 3] 778.4430091159014
[3, 4, 3, 4, 1, 4] 779.1795263346303
[3, 4, 3, 4, 2, 2] 781.2210286785605
[3, 4, 3, 4, 3, 1] 779.4657173225827
70/236 done.
Best: [3, 3, 5, 2, 1, 3] with time 688.4186608126695
[3, 4, 3, 4, 4, 1] 780.4841755933317
[3, 4, 3, 5, 1, 2] 777.087806953206
[3, 4, 3, 5, 2, 1] 777.4729834945906
[3, 4, 4, 2, 1, 4] 722.5851088719513
[3, 4, 4, 2, 2, 2] 723.0980502212374
[3, 4, 4, 2, 2, 3] 723.9901757699665
[3, 4, 4, 2, 3, 2] 724.341843504883
[3, 4, 4, 2, 4, 1] 722.7956182543239
[3, 4, 4, 3, 1, 3] 725.5104528192376
[3, 4, 4, 3, 1, 4] 726.0807880749978
80/236 done.
Best: [3, 3, 5, 2, 1, 3] with time 688.4186608126695
[3, 4, 4, 3, 2, 2] 727.3526811718725
[3, 4, 4, 3, 3, 1] 725.6375057680582
[3, 4, 4, 3, 4, 1] 726.4156016517899
[3, 4, 4, 4, 1, 2] 727.8970282863854
[3, 4, 4, 4, 1, 3] 729.2648788203197
[3, 4, 4, 4, 2, 1] 728.441426109738
[3, 4, 4, 4, 3, 1] 730.4375134803073
[3, 4, 4, 5, 1, 1] 724.8075123161091
[3, 4, 5, 2, 1, 2] 682.5784726972225
[3, 4, 5, 2, 1, 3] 683.2872915332972
90/236 done.
Best: [3, 4, 5, 2, 1, 2] with time 682.5784726972225
[3, 4, 5, 2, 2, 1] 682.3167356930466
[3, 4, 5, 2, 3, 1] 683.3049505356349
[3, 4, 5, 3, 1, 2] 685.3843290922446
[3, 4, 5, 3, 2, 1] 685.1537633624474
[3, 4, 5, 4, 1, 1] 685.7406047206257
[3, 5, 3, 2, 1, 3] 768.5998762741325
[3, 5, 3, 2, 1, 4] 769.0447820736446
[3, 5, 3, 2, 2, 2] 768.3102142118399
[3, 5, 3, 2, 3, 1] 767.2967309150677
[3, 5, 3, 2, 4, 1] 767.8836233362547
100/236 done.
Best: [3, 4, 5, 2, 2, 1] with time 682.3167356930466
[3, 5, 3, 3, 1, 2] 770.2545316243013
[3, 5, 3, 3, 1, 3] 771.469840956533
[3, 5, 3, 3, 2, 1] 768.6535436967622
[3, 5, 3, 3, 3, 1] 770.0736148843482
[3, 5, 3, 4, 1, 2] 773.0832367563057
[3, 5, 3, 4, 2, 1] 772.3226659257502
[3, 5, 3, 5, 1, 1] 769.9796356684229
[3, 5, 4, 2, 1, 2] 718.5278439685437
[3, 5, 4, 2, 1, 3] 719.2862494975906
[3, 5, 4, 2, 2, 1] 717.1476859689269
110/236 done.
Best: [3, 4, 5, 2, 2, 1] with time 682.3167356930466
[3, 5, 4, 2, 3, 1] 718.0726745701168
[3, 5, 4, 3, 1, 2] 720.8368006474161
[3, 5, 4, 3, 2, 1] 719.5729600750809
[3, 5, 4, 4, 1, 1] 720.7100426038442
[3, 5, 5, 2, 1, 1] 678.2179905262893
[3, 5, 5, 3, 1, 1] 679.3237646406218
[4, 3, 3, 2, 1, 5] 772.4998322422131
[4, 3, 3, 2, 2, 3] 774.6122306979323
[4, 3, 3, 2, 2, 4] 775.1814456042616
[4, 3, 3, 2, 3, 2] 774.8213083943933
120/236 done.
Best: [3, 5, 5, 2, 1, 1] with time 678.2179905262893
[4, 3, 3, 2, 3, 3] 775.9670250427404
[4, 3, 3, 2, 4, 2] 775.4311721036374
[4, 3, 3, 2, 5, 1] 774.2993265263615
[4, 3, 3, 3, 1, 4] 776.2965327470134
[4, 3, 3, 3, 2, 2] 777.8166980327688
[4, 3, 3, 3, 2, 3] 779.5518046072702
[4, 3, 3, 3, 3, 2] 779.5784505784275
[4, 3, 3, 3, 4, 1] 777.3389185205554
[4, 3, 3, 4, 1, 3] 779.3391134415314
[4, 3, 3, 4, 1, 4] 780.1251524016128
130/236 done.
Best: [3, 5, 5, 2, 1, 1] with time 678.2179905262893
[4, 3, 3, 4, 2, 2] 782.4932859423468
[4, 3, 3, 4, 3, 1] 781.1906038727965
[4, 3, 3, 4, 4, 1] 782.1367872775138
[4, 3, 3, 5, 1, 2] 777.9389123262267
[4, 3, 3, 5, 2, 1] 779.2575812821156
[4, 3, 4, 2, 1, 4] 722.8728519443667
[4, 3, 4, 2, 2, 2] 724.0964990277164
[4, 3, 4, 2, 2, 3] 725.0976111302907
[4, 3, 4, 2, 3, 2] 725.3231326682869
[4, 3, 4, 2, 4, 1] 724.4793950549644
140/236 done.
Best: [3, 5, 5, 2, 1, 1] with time 678.2179905262893
[4, 3, 4, 3, 1, 3] 726.0775586851989
[4, 3, 4, 3, 1, 4] 726.6924935907285
[4, 3, 4, 3, 2, 2] 728.4496974405041
[4, 3, 4, 3, 3, 1] 727.1463244996904
[4, 3, 4, 3, 4, 1] 727.9085227400697
[4, 3, 4, 4, 1, 2] 728.6862441142553
[4, 3, 4, 4, 1, 3] 730.1991832225293
[4, 3, 4, 4, 2, 1] 730.0954730655131
[4, 3, 4, 4, 3, 1] 731.9814965920717
[4, 3, 4, 5, 1, 1] 725.9869382092157
150/236 done.
Best: [3, 5, 5, 2, 1, 1] with time 678.2179905262893
[4, 3, 5, 2, 1, 2] 682.8822789214134
[4, 3, 5, 2, 1, 3] 683.5632441609238
[4, 3, 5, 2, 2, 1] 683.9332556773498
[4, 3, 5, 2, 3, 1] 684.9471548698712
[4, 3, 5, 3, 1, 2] 685.9246503438839
[4, 3, 5, 3, 2, 1] 686.6352581902802
[4, 3, 5, 4, 1, 1] 686.6871065095781
[4, 4, 3, 2, 1, 4] 765.7515474367206
[4, 4, 3, 2, 2, 2] 766.3909566214531
[4, 4, 3, 2, 2, 3] 767.502086723324
160/236 done.
Best: [3, 5, 5, 2, 1, 1] with time 678.2179905262893
[4, 4, 3, 2, 3, 2] 767.7688396146275
[4, 4, 3, 2, 4, 1] 766.6457213155725
[4, 4, 3, 3, 1, 3] 768.0323946730948
[4, 4, 3, 3, 1, 4] 768.71763897124
[4, 4, 3, 3, 2, 2] 769.7410526390323
[4, 4, 3, 3, 3, 1] 768.341837060426
[4, 4, 3, 3, 4, 1] 769.1760550582819
[4, 4, 3, 4, 1, 2] 769.8236622745352
[4, 4, 3, 4, 1, 3] 771.4218758687089
[4, 4, 3, 4, 2, 1] 770.6500422262566
170/236 done.
Best: [3, 5, 5, 2, 1, 1] with time 678.2179905262893
[4, 4, 3, 4, 3, 1] 772.757409247785
[4, 4, 3, 5, 1, 1] 767.0788680282674
[4, 4, 4, 2, 1, 3] 716.1893870765979
[4, 4, 4, 2, 1, 4] 716.6374784828411
[4, 4, 4, 2, 2, 2] 717.3038355440708
[4, 4, 4, 2, 3, 1] 716.8986278955059
[4, 4, 4, 2, 4, 1] 717.491560264022
[4, 4, 4, 3, 1, 2] 717.5708063503617
[4, 4, 4, 3, 1, 3] 718.7435637474273
[4, 4, 4, 3, 2, 1] 717.8016746422644
180/236 done.
Best: [3, 5, 5, 2, 1, 1] with time 678.2179905262893
[4, 4, 4, 3, 3, 1] 719.2517136836485
[4, 4, 4, 4, 1, 2] 720.9206809877547
[4, 4, 4, 4, 2, 1] 721.8502048163002
[4, 4, 4, 5, 1, 1] 718.1207210928583
[4, 4, 5, 2, 1, 2] 676.8058608558675
[4, 4, 5, 2, 2, 1] 677.1764375273909
[4, 4, 5, 3, 1, 1] 676.4889225042974
[4, 4, 5, 4, 1, 1] 679.0408443876909
[4, 5, 3, 2, 1, 2] 760.5020881777273
[4, 5, 3, 2, 1, 3] 761.4020001883833
190/236 done.
Best: [4, 4, 5, 3, 1, 1] with time 676.4889225042974
[4, 5, 3, 2, 2, 1] 759.7686103923828
[4, 5, 3, 2, 3, 1] 760.8377002572814
[4, 5, 3, 3, 1, 2] 762.0359488056703
[4, 5, 3, 3, 2, 1] 761.0771527766663
[4, 5, 3, 4, 1, 1] 761.8473698479894
[4, 5, 4, 2, 1, 2] 711.6146239194488
[4, 5, 4, 2, 2, 1] 710.9549109352936
[4, 5, 4, 3, 1, 1] 710.5783568998986
[4, 5, 4, 4, 1, 1] 712.8555805338608
[4, 5, 5, 2, 1, 1] 671.881651807841
200/236 done.
Best: [4, 5, 5, 2, 1, 1] with time 671.881651807841
[5, 3, 3, 2, 1, 3] 768.2013523303846
[5, 3, 3, 2, 1, 4] 768.6570628912312
[5, 3, 3, 2, 2, 2] 770.0247040128852
[5, 3, 3, 2, 3, 1] 771.1179639250003
[5, 3, 3, 2, 4, 1] 771.7720689032012
[5, 3, 3, 3, 1, 2] 770.2664747418952
[5, 3, 3, 3, 1, 3] 771.5358195282117
[5, 3, 3, 3, 2, 1] 772.1108050319704
[5, 3, 3, 3, 3, 1] 773.7449809139042
[5, 3, 3, 4, 1, 2] 773.7230202885587
210/236 done.
Best: [4, 5, 5, 2, 1, 1] with time 671.881651807841
[5, 3, 3, 4, 2, 1] 776.1855983746897
[5, 3, 3, 5, 1, 1] 772.0091635137697
[5, 3, 4, 2, 1, 2] 718.3894392128253
[5, 3, 4, 2, 1, 3] 719.0436452372364
[5, 3, 4, 2, 2, 1] 720.6186404009795
[5, 3, 4, 2, 3, 1] 721.8160023909901
[5, 3, 4, 3, 1, 2] 721.0216363762422
[5, 3, 4, 3, 2, 1] 722.8533716275517
[5, 3, 4, 4, 1, 1] 722.6549005950608
[5, 3, 5, 2, 1, 1] 679.7540421112936
220/236 done.
Best: [4, 5, 5, 2, 1, 1] with time 671.881651807841
[5, 3, 5, 3, 1, 1] 680.7761331920202
[5, 4, 3, 2, 1, 2] 760.1159667621996
[5, 4, 3, 2, 1, 3] 760.8846713987621
[5, 4, 3, 2, 2, 1] 761.5257877794767
[5, 4, 3, 2, 3, 1] 762.8005407369661
[5, 4, 3, 3, 1, 2] 761.7779942551823
[5, 4, 3, 3, 2, 1] 762.8276957420532
[5, 4, 3, 4, 1, 1] 762.6890989713913
[5, 4, 4, 2, 1, 2] 711.3430883633964
[5, 4, 4, 2, 2, 1] 712.6704091774278
230/236 done.
Best: [4, 5, 5, 2, 1, 1] with time 671.881651807841
[5, 4, 4, 3, 1, 1] 711.1986069159457
[5, 4, 4, 4, 1, 1] 713.6944261765517
[5, 4, 5, 2, 1, 1] 672.5552038714812
[5, 5, 3, 2, 1, 1] 754.6052281428358
[5, 5, 3, 3, 1, 1] 754.347716974616
[5, 5, 4, 2, 1, 1] 706.0858116983609
[4, 5, 5, 2, 1, 1]
671.881651807841
[0.0, 0.0, 0.0, 0.0, 0.0, 0.0, 0.0, 0.0]
